a    400  200  60   80   150  75   75   30   160  30   25   35   0    0

400  a    50   120  20   180  90   90   15   130  20   10   10   5    0

200  50   a    40   60   180  90   90   15   45   20   10   10   5    0

60   120  40   a    50   100  50   50   15   240  40   25   10   5    0

80   20   60   50   a    50   25   25   10   120  20   15   5    0    0

150  180  180  100  50   a    100  100  30   880  60   15   15   10   0

75   90   90   50   25   100  a    50   15   440  35   10   10   5    0

75   90   90   50   25   100  50   a    15   440  35   10   10   5    0

30   15   15   15   10   30   15   15   a    140  20   5    0    0    0

160  130  45   240  120  880  440  440  140  a    600  250  500  200  0

30   20   20   40   20   60   35   35   20   600  a    75   95   15   0

25   10   10   25   15   15   10   10   5    250  75   a    70   0    0

35   10   10   10   5    15   10   10   0    500  95   70   a    45   0

0    5    5    5    0    10   5    5    0    200  15   0    45   a    0

0    0    0    0    0    0    0    0    0    0    0    0    0    0    a